tree
version=v4
num_class=1
num_tree_per_iteration=1
label_index=0
max_feature_idx=2
objective=binary sigmoid:1
feature_names=log_return volatility_20d z_score_20d
feature_infos=[-0.11588656005464254:0.086731083704838424] [0.0020069250206716637:0.059166652097608449] [-3.7937604069060673:2.9335690887788473]
tree_sizes=1167 1208 1204 1102 1209

Tree=0
num_leaves=10
num_cat=0
split_feature=2 1 1 1 2 1 1 1 1
split_gain=4.28523 4.20237 3.60678 3.41705 2.33344 2.76966 6.29621 2.69713 0.909453
threshold=-1.5085812940631744 0.0029623257845923273 0.0033127704043415624 0.0037105228801077431 -2.3905707204025339 0.0092710839591905753 0.0060766829174007169 0.014357558407974376 0.0091808472228456072
decision_type=2 2 2 2 2 2 2 2 2
left_child=4 -2 -3 -4 8 6 -6 -7 -1
right_child=1 2 3 -5 5 7 -8 -9 -10
leaf_value=0.18420349814723302 0.24483367418281055 0.16904595413833864 0.22588674417169258 0.20217391971626525 0.20985472646997735 0.20075854621368505 0.27981262189564376 0.24483367418281055 0.21451858616502179
leaf_weight=4.948031008243559 5.9376372098922721 7.9168496131896964 15.833699226379393 375.06075042486191 6.4324403107166308 11.62787286937237 6.432440310716629 4.9480310082435599 4.9480310082435608
leaf_count=20 24 32 64 1516 26 47 26 20 20
internal_value=0.204611 0.203079 0.202458 0.203134 0.220366 0.227426 0.244834 0.213915 0.199361
internal_weight=444.086 404.749 398.811 390.894 39.3368 29.4408 12.8649 16.5759 9.89606
internal_count=1795 1636 1612 1580 159 119 52 67 40
is_linear=0
shrinkage=1


Tree=1
num_leaves=10
num_cat=0
split_feature=2 1 1 1 2 1 1 1 1
split_gain=3.87556 3.80899 3.24266 3.08996 2.11469 2.52251 5.7686 2.44713 0.819495
threshold=-1.5085812940631744 0.0029623257845923273 0.0033127704043415624 0.0037105228801077431 -2.3905707204025339 0.0092710839591905753 0.0060766829174007169 0.014357558407974376 0.0091808472228456072
decision_type=2 2 2 2 2 2 2 2 2
left_child=4 -2 -3 -4 8 6 -6 -7 -1
right_child=1 2 3 -5 5 7 -8 -9 -10
leaf_value=-0.019347415798553716 0.038388693987307217 -0.033671637003310016 0.020259697149877794 -0.0023142511201085882 0.0049846996141526927 -0.0036579832598917293 0.072108545170269059 0.038388693987307217 0.0094225895700819351
leaf_weight=4.9578249454498273 5.9109753370285025 7.9431180953979483 15.797623634338377 375.15339267253876 6.428958475589754 11.632397860288622 6.3744125664234161 4.9258127808570853 4.9429154396057129
leaf_count=20 24 32 64 1516 26 47 26 20 20
internal_value=4.66493e-07 -0.00145425 -0.00204466 -0.00140208 0.014999 0.0217373 0.0384036 0.00885026 -0.00498408
internal_weight=444.067 404.805 398.894 390.951 39.2623 29.3616 12.8034 16.5582 9.90074
internal_count=1795 1636 1612 1580 159 119 52 67 40
is_linear=0
shrinkage=0.05


Tree=2
num_leaves=10
num_cat=0
split_feature=2 1 1 1 2 1 1 1 1
split_gain=3.50685 3.45426 2.91786 2.79444 1.918 2.30232 5.30517 2.22169 0.738628
threshold=-1.5085812940631744 0.0029623257845923273 0.0033127704043415624 0.0037105228801077431 -2.3905707204025339 0.0092710839591905753 0.0060766829174007169 0.014357558407974376 0.0091808472228456072
decision_type=2 2 2 2 2 2 2 2 2
left_child=4 -2 -3 -4 8 6 -6 -7 -1
right_child=1 2 3 -5 5 7 -8 -9 -10
leaf_value=-0.01834829155999794 0.036658206659224583 -0.031904120089453161 0.019293760653145212 -0.0021980155894020981 0.0047380239594903544 -0.0034737896769351309 0.069300887211786899 0.036658206659224583 0.0089609146060996379
leaf_weight=4.9661815166473371 5.8812682628631583 7.9634590148925772 15.760074615478514 375.24036478996277 6.4255696237087268 11.636616796255113 6.3028286397457123 4.9010568857192984 4.9378332495689392
leaf_count=20 24 32 64 1516 26 47 26 20 20
internal_value=9.45919e-07 -0.00138123 -0.00194198 -0.00133175 0.0142865 0.0207229 0.0367082 0.00841961 -0.00473277
internal_weight=444.015 404.845 398.964 391 39.1701 29.2661 12.7284 16.5377 9.90401
internal_count=1795 1636 1612 1580 159 119 52 67 40
is_linear=0
shrinkage=0.05


Tree=3
num_leaves=9
num_cat=0
split_feature=2 1 1 1 1 1 1 1
split_gain=3.17459 3.13392 2.62758 2.52736 1.76248 2.19325 3.93786 0.723494
threshold=-1.5085812940631744 0.0029623257845923273 0.0033127704043415624 0.0037105228801077431 0.014546721524923936 0.0096506497861895153 0.0060473499222335027 0.011951373828863158
decision_type=2 2 2 2 2 2 2 2
left_child=4 -2 -3 -4 5 6 -1 -7
right_child=1 2 3 -5 -6 7 -8 -9
leaf_value=-0.0072033185436746212 0.035021797888311605 -0.030249721184497782 0.018375281382407221 -0.0020876477290684729 0.04021541617764976 -0.019660749786349026 0.039113731063475418 0.0033625947205919524
leaf_weight=7.665593475103381 5.8490946292877188 7.978625774383544 15.721443176269529 375.3220734000206 5.3704538643360129 5.4405205547809592 11.433910578489302 9.1526628881692869
leaf_count=31 24 32 64 1516 22 22 47 37
internal_value=1.42472e-06 -0.00131192 -0.00184452 -0.00126496 0.0136137 0.00937346 0.0205244 -0.00522079
internal_weight=443.934 404.871 399.022 391.044 39.0631 33.6927 19.0995 14.5932
internal_count=1795 1636 1612 1580 159 137 78 59
is_linear=0
shrinkage=0.05


Tree=4
num_leaves=10
num_cat=0
split_feature=2 1 1 1 2 1 1 1 1
split_gain=2.87238 2.84432 2.36774 2.28592 1.76411 2.09808 4.12773 1.59636 0.731202
threshold=-1.5085812940631744 0.0029623257845923273 0.0033127704043415624 0.0037105228801077431 -2.3905707204025339 0.0085246951188675882 0.0059761410959541638 0.014357558407974376 0.0091808472228456072
decision_type=2 2 2 2 2 2 2 2 2
left_child=4 -2 -3 -4 8 6 -6 -7 -1
right_child=1 2 3 -5 5 7 -8 -9 -10
leaf_value=-0.018823048536230718 0.033471052714929415 -0.028697821734005088 0.017501483571906909 -0.0019828474915369863 0.0095276541349703231 -0.0002040300547608964 0.071498250475700117 0.033324017313956011 0.0083648831839863453
leaf_weight=4.9618380516767484 5.8149629831314078 7.9892868995666495 15.682071685791014 375.3988573551178 6.1800532042980212 13.300818338990213 4.7541879862546921 4.8428673148155204 4.9302885979413986
leaf_count=20 24 32 64 1516 25 54 20 20 20
internal_value=1.73608e-06 -0.00124613 -0.00175201 -0.00120154 0.0129667 0.0191715 0.0364724 0.00874519 -0.00527244
internal_weight=443.855 404.885 399.07 391.081 38.9701 29.0779 10.9342 18.1437 9.89213
internal_count=1795 1636 1612 1580 159 119 45 74 40
is_linear=0
shrinkage=0.05


end of trees

feature_importances:
volatility_20d=35
z_score_20d=9

parameters:
[boosting: gbdt]
[objective: binary]
[metric: auc]
[tree_learner: serial]
[device_type: cpu]
[data_sample_strategy: bagging]
[data: ]
[valid: ]
[num_iterations: 200]
[learning_rate: 0.05]
[num_leaves: 15]
[num_threads: 0]
[seed: 42]
[deterministic: 0]
[force_col_wise: 0]
[force_row_wise: 0]
[histogram_pool_size: -1]
[max_depth: 4]
[min_data_in_leaf: 20]
[min_sum_hessian_in_leaf: 0.001]
[bagging_fraction: 1]
[pos_bagging_fraction: 1]
[neg_bagging_fraction: 1]
[bagging_freq: 0]
[bagging_seed: 400]
[bagging_by_query: 0]
[feature_fraction: 0.8]
[feature_fraction_bynode: 1]
[feature_fraction_seed: 30056]
[extra_trees: 0]
[extra_seed: 12879]
[early_stopping_round: 0]
[early_stopping_min_delta: 0]
[first_metric_only: 0]
[max_delta_step: 0]
[lambda_l1: 0]
[lambda_l2: 0]
[linear_lambda: 0]
[min_gain_to_split: 0]
[drop_rate: 0.1]
[max_drop: 50]
[skip_drop: 0.5]
[xgboost_dart_mode: 0]
[uniform_drop: 0]
[drop_seed: 17869]
[top_rate: 0.2]
[other_rate: 0.1]
[min_data_per_group: 100]
[max_cat_threshold: 32]
[cat_l2: 10]
[cat_smooth: 10]
[max_cat_to_onehot: 4]
[top_k: 20]
[monotone_constraints: ]
[monotone_constraints_method: basic]
[monotone_penalty: 0]
[feature_contri: ]
[forcedsplits_filename: ]
[refit_decay_rate: 0.9]
[cegb_tradeoff: 1]
[cegb_penalty_split: 0]
[cegb_penalty_feature_lazy: ]
[cegb_penalty_feature_coupled: ]
[path_smooth: 0]
[interaction_constraints: ]
[verbosity: -1]
[saved_feature_importance_type: 0]
[use_quantized_grad: 0]
[num_grad_quant_bins: 4]
[quant_train_renew_leaf: 0]
[stochastic_rounding: 1]
[linear_tree: 0]
[max_bin: 255]
[max_bin_by_feature: ]
[min_data_in_bin: 3]
[bin_construct_sample_cnt: 200000]
[data_random_seed: 175]
[is_enable_sparse: 1]
[enable_bundle: 1]
[use_missing: 1]
[zero_as_missing: 0]
[feature_pre_filter: 1]
[pre_partition: 0]
[two_round: 0]
[header: 0]
[label_column: ]
[weight_column: ]
[group_column: ]
[ignore_column: ]
[categorical_feature: ]
[forcedbins_filename: ]
[precise_float_parser: 0]
[parser_config_file: ]
[objective_seed: 16083]
[num_class: 1]
[is_unbalance: 0]
[scale_pos_weight: 1]
[sigmoid: 1]
[boost_from_average: 1]
[reg_sqrt: 0]
[alpha: 0.9]
[fair_c: 1]
[poisson_max_delta_step: 0.7]
[tweedie_variance_power: 1.5]
[lambdarank_truncation_level: 30]
[lambdarank_norm: 1]
[label_gain: ]
[lambdarank_position_bias_regularization: 0]
[eval_at: ]
[multi_error_top_k: 1]
[auc_mu_weights: ]
[num_machines: 1]
[local_listen_port: 12400]
[time_out: 120]
[machine_list_filename: ]
[machines: ]
[gpu_platform_id: -1]
[gpu_device_id: -1]
[gpu_use_dp: 0]
[num_gpu: 1]

end of parameters

pandas_categorical:[]
